function board = initialiseBoard9()
 board = [

    24     0    23     0     0    24    26     0;
    21    21     0    21     0    21    21    21;
     0     0    21     0     0     0     0     0;
     0     0     0     0    21     0     0     0;
     0    23    11    11    11     0     0     0;
     0     0     0     0     0     0     0     0;
    11    11     0     0     0    11    11    11;
    14    12    13    15    16    13    12    14;
     1     0     0     1     0     0     0     0;
     1     0     0     0     0     0     0     0];


end