function board = initialiseBoard7()
     board = [
     0     0    24     0     0    24    26     0;
    21    21     0    23    25    21    21    21;
     0     0     0    21     0    22     0     0;
     0     0    22    11    12     0     0     0;
     0     0    13     0    11     0     0     0;
     0     0    12     0     0    15     0    21;
    11    11     0    15     0    11    11    11;
    14     0     0     0     0     0    16     0;
     1     1     1     1     1     0     0     0;
    1     0     0     0     0     0     0     0];



end