function board = initialiseBoard5()

board = [

    24    22    23     0     0    24    26     0;
     0    21    25     0    23    21    21     0;
    21     0     0    21     0    22     0    21;
     0     0     0     0    21     0     0     0;
     0     0     0     0    11     0    11     0;
     0    12    12     0     0     0     0     0;
    11    11    11     0    13    11     0    11;
    14     0    13    15     0    14     0    16;
     1     0     0     1     0     0     0     0;
    1     0     0     0     0     0     0     0];




end