function board = initialiseBoard6()
board = [

    24     0    24     0     0     0    26     0;
     0    23    21     0     0     0    21     0;
     0     0    22     0    21     0     0    21;
     0    21     0     0    11     0     0     0;
    21     0     0    11    13     0    11    25;
    11     0    11     0    11     0     0     0;
     0    11    15    13     0    11     0     0;
     0     0    16     0     0    14     0     0;
     1     0     1     1     0     0     0     0;
    1     0     0     0     0     0     0     0];


end